6
04256520
e877f5881c54551a2665f68ebc337f05
-1.3907626831793112 -0.739014773954928 -0.8651410504703799
-0.14934362905885457 -0.06242305846086417 -0.9868129722657301 0 -0.013478689591096396 0.9980410383439965 -0.06109345879997452 0 0.9886934840416618 0.004177026888691215 -0.14989245164428078 0 0 0 0 1
2.5978772385754834 2.193563434058858 2.2005665277932556
0.4406924843788147 0.15240350365638733 0.18045249581336975
-0.0034175068140029907 0.003734499216079712 -0.03349149972200394
04256520
267dcf5952e84873fad6a32f56e259a2
0.00216090219732408 -0.6500998709578578 1.0656608835566643
0.9933924389028891 -0.01549650614736304 -0.11371596470062784 0 0.018393300810570404 0.9995313661511871 0.02446905321489667 0 0.1132834887168539 -0.026398984396493633 0.9932119334799457 0 0 0 0 1
1.1481056818092925 1.443722907305332 1.563448007174218
0.358938992023468 0.2569025158882141 0.23487049341201782
0.001314997673034668 -0.02077050507068634 -0.03903650492429733
04256520
918ae8afec3dc70af7628281ecb18112
-0.02775570436315834 -0.6471836876769284 -2.593175098104275
-0.9969137703690159 0.017138836926485768 0.07661066973628125 0 0.016238462490168235 0.9997917475895612 -0.012360169406870809 0 -0.07680655430749145 -0.011077983598944064 -0.9969844690338927 0 0 0 0 1
1.3225867882988709 1.4688150793565569 1.7572897480446052
0.3133689761161804 0.27345800399780273 0.27752548456192017
-0.0023819953203201294 -0.02822599560022354 -0.05143149942159653
04256520
918ae8afec3dc70af7628281ecb18112
0.8298654187999992 -0.6592413792121179 -2.5042280967744257
-0.9953825758905466 0.00701468320568141 0.09573046449810693 0 0.005902179114203685 0.9999117800125188 -0.011899431662904908 0 -0.09580548990117027 -0.011279468592102078 -0.9953361651688717 0 0 0 0 1
1.3986082931603885 1.4421251010576224 1.739291025382309
0.3133689761161804 0.27345800399780273 0.27752548456192017
-0.0023819953203201294 -0.02822599560022354 -0.05143149942159653
04379243
3c899eb5c23784f9febad4f49b26ec52
0.2312283084729066 -0.9505722442357913 -0.9928237451916913
0.9942063777936355 0.00010624215480783825 -0.10748798568706878 0 0.0006150216236223318 0.9999775194006912 0.006677008435122132 0 0.10748627867249587 -0.00670443180625748 0.9941839620972035 0 0 0 0 1
1.1673715393495616 1.176229929145489 0.8983829062921641
0.335376501083374 0.15874949097633362 0.335143506526947
-0.014673501253128052 0.01682949811220169 -0.001712501049041748
04379243
3c899eb5c23784f9febad4f49b26ec52
0.15519536579832674 -0.9378185160650561 -0.37668480520777947
0.9906419664938846 0.039156773741782475 -0.130748771662544 0 -0.04154057103770309 0.9990157506325698 -0.015553486615699904 0 0.13001105791043605 0.020839315204153594 0.9912935225062409 0 0 0 0 1
1.1930591956125094 1.1654393497599396 0.893707518313024
0.335376501083374 0.15874949097633362 0.335143506526947
-0.014673501253128052 0.01682949811220169 -0.001712501049041748
