1
02747177
85d8a1ad55fa646878725384d6baf445
1.9340854619486667 -0.7272660637491457 -0.6743627782744243
0.20388621832858134 -0.02507826958447165 0.9786733317968357 0 -0.015894525513663316 0.9994552898609622 0.028922095837534665 0 -0.9788655546265617 -0.02145236498823844 0.20337655224249884 0 0 0 0 1
0.6370112163546148 0.8133551535944101 0.6142488943471759
0.30927300453186035 0.3299350142478943 0.2132914960384369
0 -0.10896100103855133 4.991888999938965e-07
03761084
49670b80947d34aca7f79a2a8b5d6e7f
-1.3948297217619339 -0.026539164126623188 1.6063206285950822
0.9946455460107666 0.016013163291548525 -0.10209709301611967 0 -0.012012604678596023 0.9991402668153652 0.03967901910275313 0 0.10264470336933983 -0.03824010760339303 0.9939827760281871 0 0 0 0 1
0.5440137331185085 0.42429243800532224 0.5155894220494107
0.3478100001811981 0.2200389951467514 0.2839210033416748
0.0114859938621521 0.1808439940214157 0.025049999356269836
02933112
225905a8841620d7f6fe1e625c287cfa
-1.0338762602711413 -0.25581246704242355 -1.652074755517204
-0.9999302589107508 0.011445129522163837 -0.0029131297426227645 0 0.011463020432517677 0.9999150715487237 -0.006200713852008971 0 0.0028419143618592384 -0.006233674673233078 -0.9999765321360425 0 0 0 0 1
1.8346087709596333 1.9073157675243608 1.892298760261738
0.17815950512886047 0.4223340153694153 0.19973300397396088
-0.05176649987697601 -0.027436986565589905 0.09071199968457222
04379243
32f116e50ba1dcde7ff6ace05b36a5
-0.08448945412836228 -0.45954759867883815 0.0016831573814780469
0.9999033671515636 -0.007224619015283319 0.011876920436268801 0 0.007148680337488834 0.99995381406177 0.006423870542863655 0 -0.01192278190683086 -0.006338345478362437 0.9999088321683127 0 0 0 0 1
2.2567649418117677 2.15248615341516 1.837499853540307
0.3956869840621948 0.2124445140361786 0.21977049112319946
-0.03272201120853424 -0.11906150728464127 0.00024049729108810425

02933112
225905a8841620d7f6fe1e625c287cfa
-1.0338762602711413 -0.25581246704242355 -1.652074755517204
-0.9999302589107508 0.011445129522163837 -0.0029131297426227645 0 0.011463020432517677 0.9999150715487237 -0.006200713852008971 0 0.0028419143618592384 -0.006233674673233078 -0.9999765321360425 0 0 0 0 1
1.8346087709596333 1.9073157675243608 1.892298760261738
0.17815950512886047 0.4223340153694153 0.19973300397396088
-0.05176649987697601 -0.027436986565589905 0.09071199968457222
03001627
6e46e4cce527abc114d449899f34bd9d
-0.6011590122314693 -0.5898632284248686 -0.46588215137534106
0.9994858754125774 0.03169332231944402 -0.004849553702111014 0 -0.03169876421224954 0.9994969170010621 -0.0010494059215477606 0 0.004813854813975498 0.0012025912554991646 0.9999876902122856 0 0 0 0 1
0.9204404808621954 0.8603077304788934 0.7190988257920058
0.16652299463748932 0.412447988986969 0.2283789962530136
0 -0.24975699186325073 0.09970499575138092
03001627
45214e3010f8c3ddafa9c337f30be0ab
0.11624762123626467 -0.5065299111860209 0.5832203949920226
0.9991084223186043 0.023411862495202888 -0.035131825266204744 0 -0.020406040122145783 0.9962901025548166 0.08360397764368808 0 0.036958814626051065 -0.08281253676719867 0.9958795759405946 0 0 0 0 1
1.5638512215835936 1.1124035901214802 1.5229976095074982
0.17051449418067932 0.43892550468444824 0.16813400387763977
-0.011168502271175385 -0.14427751302719116 -0.03535100072622299
03001627
45214e3010f8c3ddafa9c337f30be0ab
-0.4471684822143862 -0.5177946073915334 0.5970094066365381
0.9999790155861215 0.0020225844240230294 0.006154473142294033 0 -0.0023401361385064143 0.9986425180299839 0.05203503575079345 0 -0.006040873303155385 -0.05204834613108082 0.9986262952249727 0 0 0 0 1
1.5940120050929623 1.1405988598675987 1.5218822760915311
0.17051449418067932 0.43892550468444824 0.16813400387763977
-0.011168502271175385 -0.14427751302719116 -0.03535100072622299
